Chr1	1	125343518	125343519
Chr1	1	125447112	125447113
Chr1	1	138495362	138495363
Chr1	1	138821908	138821909
Chr1	1	142986316	142986317
Chr1	1	143746922	143746923
Chr1	1	145281267	145281268
Chr1	1	152495418	152495419
Chr1	1	163143430	163143431
Chr1	1	164859967	164859968
Chr1	1	172744696	172744697
Chr1	1	1753171	1753172
Chr1	1	180138562	180138563
Chr1	1	187761032	187761033
Chr1	1	211334294	211334295
Chr1	1	211704892	211704893
Chr1	1	274549009	274549010
Chr1	1	278887722	278887723
Chr1	1	281128011	281128012
Chr1	1	306241523	306241524
Chr1	1	312058272	312058273
Chr1	1	34713674	34713675
Chr1	1	35423088	35423089
Chr1	1	365051452	365051453
Chr1	1	428045318	428045319
Chr1	1	429513915	429513916
Chr1	1	429514632	429514633
Chr1	1	435689351	435689352
Chr1	1	443722260	443722261
Chr1	1	443731967	443731968
Chr1	1	455619601	455619602
Chr1	1	50192290	50192291
Chr1	1	57617523	57617524
Chr1	1	60005226	60005227
Chr1	1	66358452	66358453
Chr1	1	6690199	6690200
Chr1	1	76172906	76172907
Chr1	1	96282773	96282774
Chr1	1	136975767	136975768
Chr1	1	276415090	276415091
Chr1	1	39853288	39853289
Chr1	1	425094757	425094758
Chr1	1	429417335	429417336
Chr1	1	456698152	456698153
Chr1	1	61003988	61003989
Chr1	1	66491895	66491896
Chr2	2	107769812	107769813
Chr2	2	15414469	15414470
Chr2	2	17517122	17517123
Chr2	2	2149634	2149635
Chr2	2	2183754	2183755
Chr2	2	234096028	234096029
Chr2	2	265291715	265291716
Chr2	2	301143736	301143737
Chr2	2	366950763	366950764
Chr2	2	372998531	372998532
Chr2	2	388993198	388993199
Chr2	2	390678374	390678375
Chr2	2	391329555	391329556
Chr2	2	391577109	391577110
Chr2	2	394346575	394346576
Chr2	2	402010091	402010092
Chr2	2	402255502	402255503
Chr2	2	40476857	40476858
Chr2	2	409129557	409129558
Chr2	2	411366479	411366480
Chr2	2	413666063	413666064
Chr2	2	421456556	421456557
Chr2	2	423161242	423161243
Chr2	2	427166883	427166884
Chr2	2	434754258	434754259
Chr2	2	443658857	443658858
Chr2	2	448420976	448420977
Chr2	2	449745854	449745855
Chr2	2	453464739	453464740
Chr2	2	453807021	453807022
Chr2	2	454442977	454442978
Chr2	2	457282215	457282216
Chr2	2	460304572	460304573
Chr2	2	460917786	460917787
Chr2	2	462501829	462501830
Chr2	2	463007416	463007417
Chr2	2	464382955	464382956
Chr2	2	464819892	464819893
Chr2	2	465919853	465919854
Chr2	2	467129009	467129010
Chr2	2	467135271	467135272
Chr2	2	46751807	46751808
Chr2	2	468271051	468271052
Chr2	2	479181477	479181478
Chr2	2	491451395	491451396
Chr2	2	503583815	503583816
Chr2	2	504492057	504492058
Chr2	2	504594491	504594492
Chr2	2	506755923	506755924
Chr2	2	514899309	514899310
Chr2	2	524828222	524828223
Chr2	2	541147893	541147894
Chr2	2	541816021	541816022
Chr2	2	543678039	543678040
Chr2	2	545131372	545131373
Chr2	2	552816070	552816071
Chr2	2	554902331	554902332
Chr2	2	558711488	558711489
Chr2	2	560799039	560799040
Chr2	2	589436685	589436686
Chr2	2	589869796	589869797
Chr2	2	612650027	612650028
Chr2	2	613637911	613637912
Chr2	2	614680311	614680312
Chr2	2	72688878	72688879
Chr2	2	73795758	73795759
Chr2	2	83078931	83078932
Chr2	2	90921756	90921757
Chr2	2	99419999	99420000
Chr2	2	116636269	116636270
Chr2	2	166816993	166816994
Chr2	2	172622794	172622795
Chr2	2	28035544	28035545
Chr2	2	308834315	308834316
Chr2	2	397802479	397802480
Chr2	2	413739940	413739941
Chr2	2	431985060	431985061
Chr2	2	458106099	458106100
Chr2	2	460814920	460814921
Chr2	2	462599967	462599968
Chr2	2	466073756	466073757
Chr2	2	466259954	466259955
Chr2	2	505023366	505023367
Chr2	2	541308280	541308281
Chr2	2	566486087	566486088
Chr2	2	623944952	623944953
Chr3	3	130766881	130766882
Chr3	3	130852233	130852234
Chr3	3	144183510	144183511
Chr3	3	15018780	15018781
Chr3	3	157366275	157366276
Chr3	3	166775124	166775125
Chr3	3	229029512	229029513
Chr3	3	256189695	256189696
Chr3	3	257793581	257793582
Chr3	3	270300130	270300131
Chr3	3	272752771	272752772
Chr3	3	282775690	282775691
Chr3	3	287169865	287169866
Chr3	3	287240254	287240255
Chr3	3	289418361	289418362
Chr3	3	36208813	36208814
Chr3	3	36245092	36245093
Chr3	3	365398683	365398684
Chr3	3	372350398	372350399
Chr3	3	375641153	375641154
Chr3	3	380856331	380856332
Chr3	3	388409631	388409632
Chr3	3	398718873	398718874
Chr3	3	398718899	398718900
Chr3	3	399225566	399225567
Chr3	3	401427915	401427916
Chr3	3	401977153	401977154
Chr3	3	402209295	402209296
Chr3	3	403702960	403702961
Chr3	3	405737046	405737047
Chr3	3	407312819	407312820
Chr3	3	407446207	407446208
Chr3	3	419524396	419524397
Chr3	3	422535932	422535933
Chr3	3	430249466	430249467
Chr3	3	433558769	433558770
Chr3	3	437945609	437945610
Chr3	3	445246141	445246142
Chr3	3	445252720	445252721
Chr3	3	454334863	454334864
Chr3	3	455278856	455278857
Chr3	3	477270051	477270052
Chr3	3	477564271	477564272
Chr3	3	487397751	487397752
Chr3	3	490855740	490855741
Chr3	3	50633953	50633954
Chr3	3	511152111	511152112
Chr3	3	511303543	511303544
Chr3	3	511317217	511317218
Chr3	3	511769068	511769069
Chr3	3	516329156	516329157
Chr3	3	527987049	527987050
Chr3	3	536589752	536589753
Chr3	3	550315478	550315479
Chr3	3	553793919	553793920
Chr3	3	557288818	557288819
Chr3	3	6344421	6344422
Chr3	3	6440905	6440906
Chr3	3	74016283	74016284
Chr3	3	89580474	89580475
Chr3	3	89874787	89874788
Chr3	3	272397308	272397309
Chr3	3	275135155	275135156
Chr3	3	396833143	396833144
Chr3	3	403585067	403585068
Chr3	3	407687842	407687843
Chr3	3	435857387	435857388
Chr3	3	46157687	46157688
Chr3	3	483354993	483354994
Chr3	3	543126384	543126385
Chr4	4	147537592	147537593
Chr4	4	150804320	150804321
Chr4	4	153704536	153704537
Chr4	4	163798250	163798251
Chr4	4	204265909	204265910
Chr4	4	216231271	216231272
Chr4	4	216565048	216565049
Chr4	4	225097053	225097054
Chr4	4	229578196	229578197
Chr4	4	23432424	23432425
Chr4	4	248245050	248245051
Chr4	4	261781498	261781499
Chr4	4	271167001	271167002
Chr4	4	273386652	273386653
Chr4	4	275862363	275862364
Chr4	4	282134265	282134266
Chr4	4	282792370	282792371
Chr4	4	284047531	284047532
Chr4	4	285147731	285147732
Chr4	4	288980319	288980320
Chr4	4	289139295	289139296
Chr4	4	289531496	289531497
Chr4	4	290685759	290685760
Chr4	4	294835118	294835119
Chr4	4	297853809	297853810
Chr4	4	298201144	298201145
Chr4	4	301021875	301021876
Chr4	4	302334640	302334641
Chr4	4	302398838	302398839
Chr4	4	302427241	302427242
Chr4	4	302616665	302616666
Chr4	4	308375867	308375868
Chr4	4	308721353	308721354
Chr4	4	309054778	309054779
Chr4	4	31393412	31393413
Chr4	4	322319613	322319614
Chr4	4	322417617	322417618
Chr4	4	33589121	33589122
Chr4	4	384608506	384608507
Chr4	4	404655372	404655373
Chr4	4	406477706	406477707
Chr4	4	434265530	434265531
Chr4	4	434295469	434295470
Chr4	4	43611088	43611089
Chr4	4	450208174	450208175
Chr4	4	45415802	45415803
Chr4	4	458374368	458374369
Chr4	4	469443679	469443680
Chr4	4	477535194	477535195
Chr4	4	490100788	490100789
Chr4	4	499057147	499057148
Chr4	4	505471759	505471760
Chr4	4	522740860	522740861
Chr4	4	525452654	525452655
Chr4	4	6744328	6744329
Chr4	4	71232873	71232874
Chr4	4	71328326	71328327
Chr4	4	22396433	22396434
Chr4	4	293409722	293409723
Chr4	4	299597720	299597721
Chr4	4	301672665	301672666
Chr4	4	448188923	448188924
Chr5	5	100591976	100591977
Chr5	5	100709334	100709335
Chr5	5	100825341	100825342
Chr5	5	101100935	101100936
Chr5	5	101159051	101159052
Chr5	5	104772139	104772140
Chr5	5	112270521	112270522
Chr5	5	118386164	118386165
Chr5	5	128354648	128354649
Chr5	5	129256986	129256987
Chr5	5	131494265	131494266
Chr5	5	185953727	185953728
Chr5	5	186296103	186296104
Chr5	5	215214777	215214778
Chr5	5	22840467	22840468
Chr5	5	25543283	25543284
Chr5	5	264007184	264007185
Chr5	5	264025929	264025930
Chr5	5	271955000	271955001
Chr5	5	286430081	286430082
Chr5	5	299699195	299699196
Chr5	5	300727841	300727842
Chr5	5	3118072	3118073
Chr5	5	326748515	326748516
Chr5	5	33008821	33008822
Chr5	5	33024695	33024696
Chr5	5	33920241	33920242
Chr5	5	341804544	341804545
Chr5	5	34598422	34598423
Chr5	5	359853350	359853351
Chr5	5	363990448	363990449
Chr5	5	364047951	364047952
Chr5	5	364058741	364058742
Chr5	5	370504472	370504473
Chr5	5	386861414	386861415
Chr5	5	400051090	400051091
Chr5	5	422295854	422295855
Chr5	5	42856557	42856558
Chr5	5	42914871	42914872
Chr5	5	446015566	446015567
Chr5	5	446118363	446118364
Chr5	5	446269643	446269644
Chr5	5	449599211	449599212
Chr5	5	449599321	449599322
Chr5	5	454036373	454036374
Chr5	5	457964013	457964014
Chr5	5	472399744	472399745
Chr5	5	481223851	481223852
Chr5	5	507119513	507119514
Chr5	5	507332872	507332873
Chr5	5	512465674	512465675
Chr5	5	518658752	518658753
Chr5	5	518983145	518983146
Chr5	5	523769085	523769086
Chr5	5	526471727	526471728
Chr5	5	53387723	53387724
Chr5	5	53471812	53471813
Chr5	5	540415935	540415936
Chr5	5	543608804	543608805
Chr5	5	59676324	59676325
Chr5	5	61026330	61026331
Chr5	5	63649413	63649414
Chr5	5	70313402	70313403
Chr5	5	74154381	74154382
Chr5	5	76064381	76064382
Chr5	5	92575409	92575410
Chr5	5	93460768	93460769
Chr5	5	94043607	94043608
Chr5	5	94432554	94432555
Chr5	5	96357201	96357202
Chr5	5	97143083	97143084
Chr5	5	99268632	99268633
Chr5	5	99612253	99612254
Chr5	5	101076435	101076436
Chr5	5	22843184	22843185
Chr5	5	25524906	25524907
Chr5	5	301459794	301459795
Chr5	5	350218845	350218846
Chr5	5	390391523	390391524
Chr5	5	514955904	514955905
Chr5	5	523477836	523477837
Chr5	5	7846047	7846048
Chr5	5	82157950	82157951
Chr6	6	100443319	100443320
Chr6	6	102972723	102972724
Chr6	6	111543414	111543415
Chr6	6	113991117	113991118
Chr6	6	115789633	115789634
Chr6	6	117451955	117451956
Chr6	6	117502400	117502401
Chr6	6	117719846	117719847
Chr6	6	16114330	16114331
Chr6	6	171766237	171766238
Chr6	6	171940921	171940922
Chr6	6	174607186	174607187
Chr6	6	176529330	176529331
Chr6	6	184450059	184450060
Chr6	6	202231356	202231357
Chr6	6	21024387	21024388
Chr6	6	210284359	210284360
Chr6	6	210546660	210546661
Chr6	6	259709553	259709554
Chr6	6	265543930	265543931
Chr6	6	269000336	269000337
Chr6	6	269026100	269026101
Chr6	6	270927786	270927787
Chr6	6	271032519	271032520
Chr6	6	272240637	272240638
Chr6	6	285261444	285261445
Chr6	6	292111482	292111483
Chr6	6	293015902	293015903
Chr6	6	303356190	303356191
Chr6	6	311485909	311485910
Chr6	6	31666658	31666659
Chr6	6	335545427	335545428
Chr6	6	339045631	339045632
Chr6	6	357900845	357900846
Chr6	6	364307493	364307494
Chr6	6	364799930	364799931
Chr6	6	365524169	365524170
Chr6	6	369106595	369106596
Chr6	6	399030982	399030983
Chr6	6	405994971	405994972
Chr6	6	419159187	419159188
Chr6	6	419871712	419871713
Chr6	6	431908742	431908743
Chr6	6	432015594	432015595
Chr6	6	43879251	43879252
Chr6	6	44677597	44677598
Chr6	6	449789	449790
Chr6	6	452196555	452196556
Chr6	6	452227343	452227344
Chr6	6	4609121	4609122
Chr6	6	470957994	470957995
Chr6	6	47378315	47378316
Chr6	6	475493054	475493055
Chr6	6	48481099	48481100
Chr6	6	48772113	48772114
Chr6	6	505310985	505310986
Chr6	6	528697204	528697205
Chr6	6	529887671	529887672
Chr6	6	53470708	53470709
Chr6	6	53519409	53519410
Chr6	6	66373626	66373627
Chr6	6	66400131	66400132
Chr6	6	66757930	66757931
Chr6	6	67072170	67072171
Chr6	6	67203726	67203727
Chr6	6	67640507	67640508
Chr6	6	85213592	85213593
Chr6	6	94732700	94732701
Chr6	6	120523111	120523112
Chr6	6	193027281	193027282
Chr6	6	266717020	266717021
Chr6	6	270990033	270990034
Chr6	6	289421721	289421722
Chr6	6	289537573	289537574
Chr6	6	293191406	293191407
Chr6	6	318462681	318462682
Chr6	6	327445719	327445720
Chr6	6	358630308	358630309
Chr6	6	388132283	388132284
Chr6	6	48521692	48521693
Chr6	6	66907192	66907193
Chr6	6	77812051	77812052
Chr6	6	85411177	85411178
Chr7	7	118949584	118949585
Chr7	7	122745661	122745662
Chr7	7	146983634	146983635
Chr7	7	148388295	148388296
Chr7	7	148476059	148476060
Chr7	7	148671613	148671614
Chr7	7	148803616	148803617
Chr7	7	149111084	149111085
Chr7	7	149508068	149508069
Chr7	7	149529830	149529831
Chr7	7	15109050	15109051
Chr7	7	15303875	15303876
Chr7	7	159164015	159164016
Chr7	7	159420290	159420291
Chr7	7	16351982	16351983
Chr7	7	179718260	179718261
Chr7	7	187466390	187466391
Chr7	7	203526722	203526723
Chr7	7	247763024	247763025
Chr7	7	247881983	247881984
Chr7	7	248295633	248295634
Chr7	7	25867906	25867907
Chr7	7	259828690	259828691
Chr7	7	266998257	266998258
Chr7	7	267784113	267784114
Chr7	7	272192456	272192457
Chr7	7	279489891	279489892
Chr7	7	281720103	281720104
Chr7	7	283353642	283353643
Chr7	7	285701756	285701757
Chr7	7	285809509	285809510
Chr7	7	288293040	288293041
Chr7	7	288766276	288766277
Chr7	7	290572025	290572026
Chr7	7	297339934	297339935
Chr7	7	297918357	297918358
Chr7	7	322344052	322344053
Chr7	7	332280154	332280155
Chr7	7	334325934	334325935
Chr7	7	336594359	336594360
Chr7	7	337065882	337065883
Chr7	7	337632077	337632078
Chr7	7	338685171	338685172
Chr7	7	34033552	34033553
Chr7	7	340457514	340457515
Chr7	7	340615804	340615805
Chr7	7	340648834	340648835
Chr7	7	342279129	342279130
Chr7	7	343131905	343131906
Chr7	7	37909387	37909388
Chr7	7	390469478	390469479
Chr7	7	393423619	393423620
Chr7	7	396901580	396901581
Chr7	7	407312880	407312881
Chr7	7	408264436	408264437
Chr7	7	41010131	41010132
Chr7	7	425906111	425906112
Chr7	7	427925930	427925931
Chr7	7	436292705	436292706
Chr7	7	454821222	454821223
Chr7	7	459395323	459395324
Chr7	7	463172701	463172702
Chr7	7	470797814	470797815
Chr7	7	473711093	473711094
Chr7	7	478465803	478465804
Chr7	7	487842712	487842713
Chr7	7	500898770	500898771
Chr7	7	50341666	50341667
Chr7	7	515487379	515487380
Chr7	7	520712053	520712054
Chr7	7	533385936	533385937
Chr7	7	533585775	533585776
Chr7	7	535807855	535807856
Chr7	7	546049927	546049928
Chr7	7	551049063	551049064
Chr7	7	57194938	57194939
Chr7	7	581919	581920
Chr7	7	583815701	583815702
Chr7	7	587679048	587679049
Chr7	7	5895423	5895424
Chr7	7	594633	594634
Chr7	7	596897273	596897274
Chr7	7	598987077	598987078
Chr7	7	6315071	6315072
Chr7	7	66718546	66718547
Chr7	7	167611378	167611379
Chr7	7	248045164	248045165
Chr7	7	280691688	280691689
Chr7	7	337569705	337569706
Chr7	7	340701080	340701081
Chr7	7	427948871	427948872
Chr7	7	456937958	456937959
Chr7	7	460669191	460669192
Chr7	7	465178832	465178833
Chr7	7	475853958	475853959
Chr7	7	548212857	548212858
Chr7	7	565084420	565084421
Chr7	7	590080735	590080736
